906 
994 
2187
2604
837
976
1915
1613
1663
1745
1909
571
1138
1477
1441
1449
1514
1696
474
891
1197
1215
1181
1334
1490
458
956
1261
1133
1109
1204
1357
420
789	
991	
854	
956	
1002	
1001	
355	
667	
863	
893	
908	
373	
877	
270	
549	
627	
631	
680	
816	
988	
313	
606	
805	
778	
794	
926	
989	
335	
705	
795	
736	
952	
1028	
1181	
370	
810	
1182	
427	
1072	
1195	
1451	
510	
992	
1146	
1272	
1454	
1858	
2232	
810	
799	
1752	
1922	
2173	
2612	
3131	
1105	
2287	
2992	
2941	
3502	
4012	
4862	
1818	
3427	
4515	
4297	
5061	
5934	
7306	
2677	
5110	
6607	
6603	
7719	
9187	
11120	
4433	
8269	
10727	
11241	
13427	
16772	
7462	
8199	
15124	
19630	
20720	
20735	
10554	
9628	
7537	
9186	
11189	
14525	
18372	
20243	
22063	
8428	
15403	
18731	
17332	
18820	
21186	
20513	
7949	
13646	
17020	
16273
17687
18812
19800
7044
12163
14558
13556
14104
14946
15501
5388
10454
13321
11244
12332
14399
14680
5767
10346
13569
12938
5639
12850
12758
4619
7777
9457
8292
9755
10114
11196
4025
6922
8021
7899
7969
9012
8665
3489
6264
7967
3090
6686
6346
6520
2019
3687
4121
3520
3941
4347
4702
1735
2805
3231
2840
3489
4204
4213
1588
2714
3239
3495
4338
4790
1504
1372
2242
2605
3016
3580
4067
4310
1673
2922
3834
4558
5032
5327
5247
6314
5706
4885
7561
8860
7066
3801
4066
8077
8016
8632
8821
10592
8846
5648
7744
9988
9234
10638
13554
9483
7291
9633
12554
12400
14449
15423
14211
9876
15825
17119
18409
23125
25435
21767
14802
24515
25140
27515
27301
29274
23427
23094
22721
23762
20396
31242
34234
29103
17872
26299
30956
37752
35329
38923
30827
21947
31532
33450
36804
40395
29030
31580
22377
28096
32683
34968
31855
20385
11009
12691
17786
18912
19055
16657
16875
11508
6228
9481
9714
8775
8523
8338
5301
2772
3788
3615
3545
3621
3802
2509
1514
2004
2159
2181
2409
2325
1959
1076
1621
1681
1591
1815
2014
1527
958
1544
1524
1597
1874
1934
1797
1012
1583
2071
2109
2333
2412
2356
1342
2192
2549
2629
3388
3924
3268
2023
3313
3462
3571
4170
4353
3662
2374
3348
3798
4103
4214
4761
4447
3011
4709
3802
2678
2317
2997
3349
2397
3157
2978
3892
5392
6049
5042
3136
4935
5386
5393
6710
6771
5581
3477
5219
6794
6761
8535
8248
6920
4557
8024
8098
8110
8750
8650
6967
4382
7896
7390
7978
8220
9518
7846
4542
7843
7440
7284
8869
6426
3532
3853
6497
7441
7825
8456
10220
7831
4831
8127
9164
8456
10077
10812
8919
5370
9282
10804
10515
12246
12690
11802
9629
10314
11558
11123
10163
14559
11439
8801
12933
13509
16122
17856
17325
15515
10330
13061
11755
18648
18888
18275
17100
12194
17519
21110
19788
20663
21562
14432
11743
15893
17424
17610
16525
14077
12797
8493
9460
11217
9695
8634
7366
5181
3713
4166
4559
4055
3121
2196
959
871
1223
1223
920
640
388
151
103
82
78
78
63
76
45
35
43
37
36
36
39
37
11
33
28
18
30
29
24
7
13
20
25
15
21
17
7
18
19
13
11
21
20
8
8
16
19
26
5
16
6
20
16
16
20
26
15
7
22
22
20
31
22
28
14
20
29
25
14
24
18
9
21
21
21
21
36
28
17
16
28
25
36
39
34
28
38
65
57
61
71
73
49
59
82
135
143
149
140
87
161
197
196
219
268
250
155
302
382
239
533
538
258
301
563
865
790
832
1058
1011
615
1072
1276
1246
1677
1840
1634
974
1854
2370
2534
3097
3176
2926
1969
3124
3691
4350
4783
4334
4328
2537
4448
5247
5529
5729
5567
4534
3119
4358
5249
5908
5133
4425
2775
2972
4139
4652
4688
5149
4316
3798
2282
3134
4143
3386
3920
3234
2889
1449
1785
1148
1367
1984
1839
1391
727
1008
1411
1272
1309
1150
829
503
613
951
823
896
920
592
342
518
715
660
674
714
476
317
386
535
563
570
620
436
236
375
388
453
452
500
337
208
302
467
435
436
440
370
237
350
435
472
509
487
471
259
446
541
613
680
744
540
340
532
600
647
844
769
732
420
543
771
853
1011
971
924
574
1033
1126
908
590
618
605
708
877
1052
698
1028
927
830
425
633
875
758
860
842
710
404
541
758
666
728
591
511
308
421
570
537
543
554
397
248
354
446
437
475
414
364
234
313
430
376
394
420
337
187
256
342
303
323
409
300
175
239
330
304
335
340
290
116
237
293
301
279
316
232
121
329
337
270
340
213
275
178
272
327
353
445
378
350
266
371
369
307
434
491
412
276
429
639
577
734
676
556
393
634
770
871
1065
976
1026
619
986
1079
1184
1485
1286
1253
1217
1595
1839
2044
1552
1480
1025
1252
1510
2332
2459
2520
1640
1315
905
826
829
793
1353
961
869
491
708
954
890
895
758
570
397
556
736
664
822
681
457
305
481
621
596
601
574
354
301
328
584
459
532
501
370
312
419
561
570
482
402
188
315
390
539
522
531
486
298
180
255
352
374
392
316
293
156
189
294
242
269
122
209
87
116
215
203
220
171
158
102
124
201
186
185
145
139
78
132
235
183
284
177
166
78
146
248
203
248
140
176
65
107
205
196
234
194
211
78
144
269
195
193
59
88
97
162
218
220
171
163
191
80
146
226
187
276
149
170
76
116
181
136
211
141
170
100
148
247
226
250
236
182
95
212
256
258
339
186
207
161
260
385
389
206
222
188
197
331
429
461
360
263
309
258
292
472
462
367
250
266
131
239
295
260
366
238
237
168
188
290
293
286
165
143
118
206
206
243
224
75
106
102
111
131
124
107
67
54
58
60
57
54
48
55
31
29
34
39
35
41
16
27
48
47
24
25
22
18
12
13
14
26
20
28
12
34
13
5
14
21
15
11
10
8
14
2
3
11
5
5
10
5
14
9
30
10
27
15
22
36
39
23
37
57
87
93
154
165
59
47
113
41
82
119
170
134
123
123
101
109
186
206
151
127
159
100
174
198
199
183
156
87
85
141
118
92
98
67
78
12
72
64
40
46
41
18
16
3
7
11
7
9
12
0
3
10
2
2
6
3
0
0
6
6
8
4
1
0
2
1
0
1
3
0
3
0
1
3
0
3
3
0
5
8
2
1
0
0
0
0
0
0
0
0
0
0
0
0
0
1
0
0
0
0
1
1
0
0
0
0
